0 294.4
0.0001 299.1898797
0.0002 304.044116
0.0003 308.9632862
0.0004 313.9479687
0.0005 318.9987429
0.0006 324.1161896
0.0007 329.3008906
0.0008 334.5534293
0.0009 339.8743904
0.001 345.2643604
0.0011 350.7239272
0.0012 356.2536806
0.0013 361.8542125
0.0014 367.5261167
0.0015 373.2699893
0.0016 379.086429
0.0017 384.9760369
0.0018 390.9394169
0.0019 396.977176
0.002 403.0899244
0.0021 409.2782758
0.0022 415.5428475
0.0023 421.8842608
0.0024 428.3031413
0.0025 434.8001189
0.0026 441.3758285
0.0027 448.0309101
0.0028 454.766009
0.0029 461.5817764
0.003 468.4788696
0.0031 475.4579522
0.0032 482.5196951
0.0033 489.664776
0.0034 496.8938806
0.0035 504.2077025
0.0036 511.606944
0.0037 519.0923163
0.0038 526.6645402
0.0039 534.3243463
0.004 542.0724757
0.0041 549.9096807
0.0042 557.8367248
0.0043 565.8543838
0.0044 573.9634462
0.0045 582.1647136
0.0046 590.4590015
0.0047 598.8471398
0.0048 607.3299738
0.0049 615.9083642
0.005 624.5831884
