0 140.8
0.0001 140.7440699
0.0002 140.6887036
0.0003 140.6339062
0.0004 140.579683
0.0005 140.5260391
0.0006 140.4729796
0.0007 140.4205098
0.0008 140.3686349
0.0009 140.3173602
0.001 140.2666908
0.0011 140.216632
0.0012 140.1671891
0.0013 140.1183674
0.0014 140.0701723
0.0015 140.0226089
0.0016 139.9756826
0.0017 139.9293988
0.0018 139.8837628
0.0019 139.8387799
0.002 139.7944556
0.0021 139.7507951
0.0022 139.7078038
0.0023 139.6654871
0.0024 139.6238504
0.0025 139.5828991
0.0026 139.5426386
0.0027 139.5030742
0.0028 139.4642114
0.0029 139.4260556
0.003 139.3886121
0.0031 139.3518864
0.0032 139.315884
0.0033 139.2806101
0.0034 139.2460703
0.0035 139.2122699
0.0036 139.1792143
0.0037 139.1469091
0.0038 139.1153596
0.0039 139.0845712
0.004 139.0545493
0.0041 139.0252994
0.0042 138.9968269
0.0043 138.9691373
0.0044 138.9422359
0.0045 138.9161282
0.0046 138.8908196
0.0047 138.8663155
0.0048 138.8426215
0.0049 138.8197428
0.005 138.797685
