0 294.4
0.0001 299.2718377
0.0002 304.2100103
0.0003 309.2151115
0.0004 314.2877357
0.0005 319.4284785
0.0006 324.6379362
0.0007 329.9167065
0.0008 335.2653882
0.0009 340.6845816
0.001 346.1748883
0.0011 351.7369115
0.0012 357.3712564
0.0013 363.07853
0.0014 368.8593413
0.0015 374.7143018
0.0016 380.6440255
0.0017 386.6491288
0.0018 392.7302315
0.0019 398.8879563
0.002 405.1229293
0.0021 411.4357806
0.0022 417.827144
0.0023 424.2976578
0.0024 430.8479647
0.0025 437.4787126
0.0026 444.1905544
0.0027 450.9841489
0.0028 457.8601607
0.0029 464.8192608
0.003 471.8621272
0.0031 478.989445
0.0032 486.2019068
0.0033 493.5002136
0.0034 500.8850748
0.0035 508.3572088
0.0036 515.9173438
0.0037 523.5662178
0.0038 531.3045796
0.0039 539.1331892
0.004 547.0528181
0.0041 555.0642505
0.0042 563.1682832
0.0043 571.3657266
0.0044 579.6574056
0.0045 588.0441596
0.0046 596.5268437
0.0047 605.1063293
0.0048 613.7835047
0.0049 622.5592759
0.005 631.4345673
