0 140.8
0.0001 140.744
0.0002 140.688
0.0003 140.632
0.0004 140.578
0.0005 140.524
0.0006 140.47
0.0007 140.417
0.0008 140.365
0.0009 140.313
0.001 140.262
0.0011 140.211
0.0012 140.161
0.0013 140.112
0.0014 140.063
0.0015 140.015
0.0016 139.967
0.0017 139.921
0.0018 139.874
0.0019 139.829
0.002 139.784
0.0021 139.74
0.0022 139.696
0.0023 139.653
0.0024 139.611
0.0025 139.569
0.0026 139.528
0.0027 139.488
0.0028 139.449
0.0029 139.41
0.003 139.372
0.0031 139.335
0.0032 139.298
0.0033 139.262
0.0034 139.227
0.0035 139.192
0.0036 139.159
0.0037 139.126
0.0038 139.093
0.0039 139.062
0.004 139.031
0.0041 139.001
0.0042 138.972
0.0043 138.944
0.0044 138.916
0.0045 138.889
0.0046 138.863
0.0047 138.838
0.0048 138.813
0.0049 138.79
0.005 138.767
0.0051 138.745
0.0052 138.724
0.0053 138.703
0.0054 138.684
0.0055 138.665
0.0056 138.647
0.0057 138.63
0.0058 138.614
0.0059 138.599
0.006 138.585
0.0061 138.571
0.0062 138.558
0.0063 138.547
0.0064 138.536
0.0065 138.526
0.0066 138.517
0.0067 138.509
0.0068 138.501
0.0069 138.495
0.007 138.49
0.0071 138.485
0.0072 138.482
0.0073 138.479
0.0074 138.477
0.0075 138.477
0.0076 138.477
0.0077 138.478
0.0078 138.48
0.0079 138.483
0.008 138.487
0.0081 138.493
0.0082 138.499
0.0083 138.506
0.0084 138.514
0.0085 138.523
0.0086 138.533
0.0087 138.544
0.0088 138.556
0.0089 138.57
0.009 138.584
0.0091 138.599
0.0092 138.615
0.0093 138.633
0.0094 138.651
0.0095 138.671
0.0096 138.691
0.0097 138.713
0.0098 138.736
0.0099 138.76
0.01 138.785
0.0101 138.811
0.0102 138.838
0.0103 138.866
0.0104 138.896
0.0105 138.927
0.0106 138.958
0.0107 138.991
0.0108 139.025
0.0109 139.061
0.011 139.097
0.0111 139.135
0.0112 139.173
0.0113 139.213
0.0114 139.255
0.0115 139.297
0.0116 139.341
0.0117 139.386
0.0118 139.432
0.0119 139.479
0.012 139.528
0.0121 139.578
0.0122 139.629
0.0123 139.682
0.0124 139.736
0.0125 139.791
0.0126 139.847
0.0127 139.905
0.0128 139.964
0.0129 140.025
0.013 140.087
0.0131 140.15
0.0132 140.215
0.0133 140.281
0.0134 140.348
0.0135 140.417
0.0136 140.488
0.0137 140.56
0.0138 140.633
0.0139 140.708
0.014 140.784
0.0141 140.862
0.0142 140.942
0.0143 141.022
0.0144 141.105
0.0145 141.189
0.0146 141.275
0.0147 141.362
0.0148 141.451
0.0149 141.542
0.015 141.634
0.0151 141.728
0.0152 141.823
0.0153 141.921
0.0154 142.02
0.0155 142.121
0.0156 142.224
0.0157 142.328
0.0158 142.434
0.0159 142.543
0.016 142.653
0.0161 142.765
0.0162 142.879
0.0163 142.995
0.0164 143.113
0.0165 143.233
0.0166 143.355
0.0167 143.479
0.0168 143.605
0.0169 143.733
0.017 143.864
0.0171 143.996
0.0172 144.131
0.0173 144.269
0.0174 144.408
0.0175 144.55
0.0176 144.694
0.0177 144.841
0.0178 144.99
0.0179 145.142
0.018 145.296
0.0181 145.453
0.0182 145.613
0.0183 145.775
0.0184 145.94
0.0185 146.108
0.0186 146.279
0.0187 146.453
0.0188 146.63
0.0189 146.809
0.019 146.992
0.0191 147.178
0.0192 147.368
0.0193 147.56
0.0194 147.757
0.0195 147.956
0.0196 148.159
0.0197 148.366
0.0198 148.577
0.0199 148.791
0.02 149.009
0.0201 149.232
0.0202 149.458
0.0203 149.689
0.0204 149.924
0.0205 150.164
0.0206 150.408
0.0207 150.657
0.0208 150.911
0.0209 151.169
0.021 151.433
0.0211 151.703
0.0212 151.978
0.0213 152.258
0.0214 152.544
0.0215 152.837
0.0216 153.135
0.0217 153.44
0.0218 153.752
0.0219 154.071
0.022 154.397
0.0221 154.73
0.0222 155.071
0.0223 155.42
0.0224 155.778
0.0225 156.144
0.0226 156.519
0.0227 156.904
0.0228 157.298
0.0229 157.703
0.023 158.118
0.0231 158.545
0.0232 158.983
0.0233 159.434
0.0234 159.898
0.0235 160.376
0.0236 160.868
0.0237 161.375
0.0238 161.898
0.0239 162.438
0.024 162.996
0.0241 163.573
0.0242 164.17
0.0243 164.789
0.0244 165.431
0.0245 166.097
0.0246 166.79
0.0247 167.511
0.0248 168.262
0.0249 169.046
0.025 169.866
