0 294.4
0.0001 299.19
0.0002 304.044
0.0003 308.963
0.0004 313.948
0.0005 318.999
0.0006 324.116
0.0007 329.301
0.0008 334.553
0.0009 339.874
0.001 345.264
0.0011 350.724
0.0012 356.254
0.0013 361.854
0.0014 367.526
0.0015 373.27
0.0016 379.086
0.0017 384.976
0.0018 390.939
0.0019 396.977
0.002 403.09
0.0021 409.278
0.0022 415.543
0.0023 421.884
0.0024 428.303
0.0025 434.8
0.0026 441.376
0.0027 448.031
0.0028 454.766
0.0029 461.582
0.003 468.479
0.0031 475.458
0.0032 482.52
0.0033 489.665
0.0034 496.894
0.0035 504.208
0.0036 511.607
0.0037 519.092
0.0038 526.664
0.0039 534.324
0.004 542.072
0.0041 549.91
0.0042 557.837
0.0043 565.854
0.0044 573.963
0.0045 582.165
0.0046 590.459
0.0047 598.847
0.0048 607.33
0.0049 615.908
0.005 624.583
0.0051 633.355
0.0052 642.226
0.0053 651.195
0.0054 660.265
0.0055 669.436
0.0056 678.709
0.0057 688.084
0.0058 697.565
0.0059 707.15
0.006 716.841
0.0061 726.64
0.0062 736.548
0.0063 746.565
0.0064 756.693
0.0065 766.933
0.0066 777.287
0.0067 787.755
0.0068 798.339
0.0069 809.04
0.007 819.86
0.0071 830.8
0.0072 841.862
0.0073 853.046
0.0074 864.355
0.0075 875.791
0.0076 887.354
0.0077 899.046
0.0078 910.87
0.0079 922.826
0.008 934.918
0.0081 947.145
0.0082 959.511
0.0083 972.018
0.0084 984.667
0.0085 997.46
0.0086 1010.4
0.0087 1023.49
0.0088 1036.73
0.0089 1050.12
0.009 1063.67
0.0091 1077.38
0.0092 1091.24
0.0093 1105.27
0.0094 1119.47
0.0095 1133.83
0.0096 1148.37
0.0097 1163.08
0.0098 1177.97
0.0099 1193.04
0.01 1208.29
0.0101 1223.73
0.0102 1239.36
0.0103 1255.18
0.0104 1271.2
0.0105 1287.42
0.0106 1303.85
0.0107 1320.48
0.0108 1337.32
0.0109 1354.39
0.011 1371.67
0.0111 1389.18
0.0112 1406.92
0.0113 1424.89
0.0114 1443.1
0.0115 1461.56
0.0116 1480.26
0.0117 1499.22
0.0118 1518.44
0.0119 1537.93
0.012 1557.69
0.0121 1577.72
0.0122 1598.04
0.0123 1618.64
0.0124 1639.55
0.0125 1660.75
0.0126 1682.27
0.0127 1704.1
0.0128 1726.26
0.0129 1748.75
0.013 1771.58
0.0131 1794.76
0.0132 1818.29
0.0133 1842.19
0.0134 1866.47
0.0135 1891.13
0.0136 1916.18
0.0137 1941.64
0.0138 1967.51
0.0139 1993.81
0.014 2020.54
0.0141 2047.72
0.0142 2075.36
0.0143 2103.47
0.0144 2132.06
0.0145 2161.16
0.0146 2190.76
0.0147 2220.89
0.0148 2251.56
0.0149 2282.78
0.015 2314.58
0.0151 2346.96
0.0152 2379.95
0.0153 2413.56
0.0154 2447.81
0.0155 2482.72
0.0156 2518.32
0.0157 2554.61
0.0158 2591.62
0.0159 2629.38
0.016 2667.91
0.0161 2707.23
0.0162 2747.37
0.0163 2788.35
0.0164 2830.2
0.0165 2872.95
0.0166 2916.63
0.0167 2961.26
0.0168 3006.9
0.0169 3053.55
0.017 3101.27
0.0171 3150.09
0.0172 3200.04
0.0173 3251.17
0.0174 3303.52
0.0175 3357.14
0.0176 3412.06
0.0177 3468.34
0.0178 3526.03
0.0179 3585.18
0.018 3645.85
0.0181 3708.1
0.0182 3771.98
0.0183 3837.57
0.0184 3904.92
0.0185 3974.11
0.0186 4045.23
0.0187 4118.33
0.0188 4193.52
0.0189 4270.87
0.019 4350.48
0.0191 4432.45
0.0192 4516.88
0.0193 4603.87
0.0194 4693.56
0.0195 4786.04
0.0196 4881.47
0.0197 4979.97
0.0198 5081.69
0.0199 5186.78
0.02 5295.4
0.0201 5407.74
0.0202 5523.98
0.0203 5644.31
0.0204 5768.95
0.0205 5898.12
0.0206 6032.05
0.0207 6171.02
0.0208 6315.28
0.0209 6465.14
0.021 6620.91
0.0211 6782.92
0.0212 6951.55
0.0213 7127.17
0.0214 7310.22
0.0215 7501.14
0.0216 7700.43
0.0217 7908.61
0.0218 8126.25
0.0219 8353.98
0.022 8592.47
0.0221 8842.45
0.0222 9104.72
0.0223 9380.13
0.0224 9669.65
0.0225 9974.31
0.0226 10295.2
0.0227 10633.7
0.0228 10991
0.0229 11368.7
0.023 11768.5
0.0231 12192.2
0.0232 12641.9
0.0233 13119.7
0.0234 13628.3
0.0235 14170.5
0.0236 14749.4
0.0237 15368.6
0.0238 16032.1
0.0239 16744.3
0.024 17510.4
0.0241 18336.1
0.0242 19228.1
0.0243 20194
0.0244 21242.4
0.0245 22383.4
0.0246 23628.4
0.0247 24991.1
0.0248 26487.2
0.0249 28135.1
0.025 29956.8
